1 2 -2.682178125899710e-02
1 3 3.932772263266553e-14
1 4 -2.149204219179736e-03
1 5 -1.533341392767097e-18
1 6 -6.379144162168362e-03
1 7 1.314316498888285e-17
1 8 -3.399468770935736e-02
1 9 -2.523021558027088e-17
1 10 -1.806551826487822e-01
2 3 -2.231219096175870e-01
2 4 1.349137303680815e-16
2 5 -4.936201172104343e-05
2 6 1.231330438847372e-16
2 7 -5.702756675597259e-06
2 8 6.551698276831948e-16
2 9 -1.244351804897666e-06
2 10 3.479863859389937e-15
3 4 -5.747151286680948e-04
3 5 3.658438001936178e-16
3 6 -7.591447803226205e-04
3 7 4.433753968866253e-17
3 8 -4.045509723123105e-03
3 9 -2.822953919211902e-17
3 10 -2.149872074680242e-02
4 5 -2.167685225371808e-01
4 6 -3.434549194526737e-17
4 7 -2.504310695326209e-02
4 8 5.773146893428835e-17
4 9 -5.464451161128920e-03
4 10 -2.238553440984682e-17
5 6 -3.281684583113778e-02
5 7 -1.962405932198763e-17
5 8 -1.791741764746506e-04
5 9 9.813300210414697e-18
5 10 -1.860954427972050e-04
6 7 -1.789349444499629e-01
6 8 8.747918051225999e-17
6 9 -3.110992077632086e-02
6 10 -7.541885409401234e-18
7 8 -4.599474637127396e-02
7 9 6.920299068931955e-17
7 10 -2.149946875559708e-05
8 9 -1.657858820193824e-01
8 10 -3.793507593767982e-17
9 10 -4.763850169129048e-02
