1 2 -2.682399150436389e-02
1 3 2.191480150185477e-17
1 4 -2.149125493380006e-03
1 5 3.066586833366748e-18
1 6 -6.379197674388829e-03
1 7 -2.679062363560996e-18
1 8 -3.399476611963548e-02
1 9 -9.032790991581133e-19
1 10 -1.806529192082319e-01
2 3 -2.231197625080228e-01
2 4 -3.046027810625381e-18
2 5 -4.930670290069265e-05
2 6 4.504049411507411e-19
2 7 -5.696353199554482e-06
2 8 2.351857152422866e-18
2 9 -1.242931513230466e-06
2 10 1.192642456471456e-17
3 4 -5.745261261108847e-04
3 5 9.583083854271088e-19
3 6 -7.592258936509831e-04
3 7 -1.654788521342482e-19
3 8 -4.045917371436393e-03
3 9 1.205585897535999e-18
3 10 -2.150056810077910e-02
4 5 -2.167689103043578e-01
4 6 2.943923360032079e-17
4 7 -2.504309157039219e-02
4 8 -1.086251968209267e-17
4 9 -5.464346505759327e-03
4 10 1.356252834798000e-17
5 6 -3.281659492950399e-02
5 7 3.925231146709438e-17
5 8 -1.791367570615289e-04
5 9 1.103971260012029e-17
5 10 -1.860513061761670e-04
6 7 -1.789349581801241e-01
6 8 -1.051264298813538e-17
6 9 -3.111002332233227e-02
6 10 9.199760500100246e-19
7 8 -4.599475957825311e-02
7 9 -1.065921801203884e-17
7 10 -2.149431803121057e-05
8 9 -1.657854201736136e-01
8 10 4.204162229703018e-18
9 10 -4.763896706678172e-02
