1 2 0.000000000000000e+00
1 3 0.000000000000000e+00
1 4 0.000000000000000e+00
1 5 0.000000000000000e+00
1 6 0.000000000000000e+00
1 7 0.000000000000000e+00
1 8 0.000000000000000e+00
1 9 0.000000000000000e+00
1 10 -2.500000000000002e-01
2 3 -2.500000000000002e-01
2 4 0.000000000000000e+00
2 5 0.000000000000000e+00
2 6 0.000000000000000e+00
2 7 0.000000000000000e+00
2 8 0.000000000000000e+00
2 9 0.000000000000000e+00
2 10 0.000000000000000e+00
3 4 0.000000000000000e+00
3 5 0.000000000000000e+00
3 6 0.000000000000000e+00
3 7 0.000000000000000e+00
3 8 0.000000000000000e+00
3 9 0.000000000000000e+00
3 10 0.000000000000000e+00
4 5 -2.500000000000003e-01
4 6 0.000000000000000e+00
4 7 0.000000000000000e+00
4 8 0.000000000000000e+00
4 9 0.000000000000000e+00
4 10 0.000000000000000e+00
5 6 0.000000000000000e+00
5 7 0.000000000000000e+00
5 8 0.000000000000000e+00
5 9 0.000000000000000e+00
5 10 0.000000000000000e+00
6 7 -2.500000000000002e-01
6 8 0.000000000000000e+00
6 9 0.000000000000000e+00
6 10 0.000000000000000e+00
7 8 0.000000000000000e+00
7 9 0.000000000000000e+00
7 10 0.000000000000000e+00
8 9 -2.500000000000002e-01
8 10 0.000000000000000e+00
9 10 0.000000000000000e+00
