1 2 9.999999999999999e-01
1 3 3.648754674785616e-01
1 4 1.358612085839098e+00
1 5 7.848623855103126e-01
1 6 1.355257564510422e+00
1 7 8.971521622300920e-01
1 8 1.307252586783826e+00
1 9 7.683849740391893e-01
1 10 9.999999999999999e-01
2 3 9.999999999999999e-01
2 4 1.996683264978780e+00
2 5 1.426198670369190e+00
2 6 2.000157906573240e+00
2 7 1.552250571032755e+00
2 8 1.973416289812711e+00
2 9 1.525146576576824e+00
2 10 1.842310363371303e+00
3 4 1.000000000000000e+00
3 5 4.321471654107158e-01
3 6 1.010514418603428e+00
3 7 5.666816273077875e-01
3 8 1.007005196611032e+00
3 9 5.777639186016341e-01
3 10 1.001750525751782e+00
4 5 1.000000000000000e+00
4 6 1.806245284976293e+00
4 7 1.483073051251482e+00
4 8 1.954019203761979e+00
4 9 1.550743298867528e+00
4 10 1.984579498058569e+00
5 6 1.000000000000000e+00
5 7 7.829880650760719e-01
5 8 1.345032896413600e+00
5 9 9.588253023917622e-01
5 10 1.403788687884272e+00
6 7 1.000000000000000e+00
6 8 1.725769845022041e+00
6 9 1.482787410210529e+00
6 10 1.946381284750589e+00
7 8 1.000000000000000e+00
7 9 8.917082714807865e-01
7 10 1.466289681009669e+00
8 9 9.999999999999999e-01
8 10 1.715612203078865e+00
9 10 1.000000000000000e+00
