1 2 9.999999999999998e-01
1 3 -6.661338147750935e-16
1 4 9.999999999999998e-01
1 5 -6.661338147750941e-16
1 6 9.999999999999999e-01
1 7 -6.661338147750941e-16
1 8 9.999999999999998e-01
1 9 -6.661338147750935e-16
1 10 9.999999999999998e-01
2 3 9.999999999999998e-01
2 4 2.000000000000000e+00
2 5 9.999999999999998e-01
2 6 2.000000000000000e+00
2 7 9.999999999999999e-01
2 8 2.000000000000000e+00
2 9 9.999999999999998e-01
2 10 2.000000000000000e+00
3 4 9.999999999999998e-01
3 5 -6.661338147750935e-16
3 6 9.999999999999998e-01
3 7 -6.661338147750941e-16
3 8 9.999999999999999e-01
3 9 -6.661338147750941e-16
3 10 9.999999999999998e-01
4 5 9.999999999999998e-01
4 6 2.000000000000000e+00
4 7 9.999999999999998e-01
4 8 2.000000000000000e+00
4 9 9.999999999999998e-01
4 10 2.000000000000000e+00
5 6 9.999999999999998e-01
5 7 -6.661338147750942e-16
5 8 9.999999999999998e-01
5 9 -0.000000000000000e+00
5 10 9.999999999999998e-01
6 7 9.999999999999998e-01
6 8 2.000000000000000e+00
6 9 9.999999999999998e-01
6 10 2.000000000000000e+00
7 8 9.999999999999998e-01
7 9 -6.661338147750926e-16
7 10 9.999999999999998e-01
8 9 9.999999999999998e-01
8 10 2.000000000000000e+00
9 10 9.999999999999998e-01
