1 2 9.999999999999997e-01
1 3 3.648521194441530e-01
1 4 1.358586552306754e+00
1 5 7.848401346101673e-01
1 6 1.355233876599280e+00
1 7 8.971288219937564e-01
1 8 1.307232036209359e+00
1 9 7.683656686978642e-01
1 10 9.999999999999996e-01
2 3 9.999999999999997e-01
2 4 1.996682173446679e+00
2 5 1.426200732731613e+00
2 6 2.000158683755914e+00
2 7 1.552251007277883e+00
2 8 1.973418931207340e+00
2 9 1.525146059875334e+00
2 10 1.842323606187401e+00
3 4 9.999999999999996e-01
3 5 4.321511716924562e-01
3 6 1.010517496502686e+00
3 7 5.666842918589247e-01
3 8 1.007007838487620e+00
3 9 5.777617305264235e-01
3 10 1.001752308442589e+00
4 5 9.999999999999996e-01
4 6 1.806243768213196e+00
4 7 1.483070684938441e+00
4 8 1.954017679122399e+00
4 9 1.550737363178203e+00
4 10 1.984578313155163e+00
5 6 9.999999999999999e-01
5 7 7.829881813923976e-01
5 8 1.345033194182632e+00
5 9 9.588218434960830e-01
5 10 1.403790036663170e+00
6 7 9.999999999999993e-01
6 8 1.725769926505759e+00
6 9 1.482782933196003e+00
6 10 1.946381567556817e+00
7 8 9.999999999999994e-01
7 9 8.917045411770453e-01
7 10 1.466289716622344e+00
8 9 9.999999999999998e-01
8 10 1.715615081866354e+00
9 10 9.999999999999996e-01
