1 2 -1.637803147645158e-01
1 3 1.547250802419683e-01
1 4 -4.879143003016181e-02
1 5 4.546783601470594e-02
1 6 -8.574229594733243e-02
1 7 8.309805748722493e-02
1 8 -1.862244432082710e-01
1 9 1.855383353237701e-01
1 10 -4.250328448581733e-01
2 3 -4.723555467103385e-01
2 4 2.264403964071019e-02
2 5 -2.110156395206802e-02
2 6 3.023303537304047e-02
2 7 -2.930066758400564e-02
2 8 6.180839187868931e-02
2 9 -6.158067083269932e-02
2 10 1.392240262322584e-01
3 4 -2.396927462629771e-02
3 5 2.231944464348871e-02
3 6 -3.197794063729014e-02
3 7 3.099176106775661e-02
3 8 -6.537567472122202e-02
3 9 6.513481071267382e-02
3 10 -1.472593668219543e-01
4 5 -4.655844824565761e-01
4 6 1.686845283097188e-01
4 7 -1.634824035887336e-01
4 8 8.034081001774508e-02
4 9 -8.004480986733128e-02
4 10 4.643717153898377e-02
5 6 -1.811535120540144e-01
5 7 1.532584228200833e-01
5 8 -7.531639834696011e-02
5 9 7.480305750918138e-02
5 10 -4.339622292752827e-02
6 7 -4.230070427074757e-01
6 8 1.814394706963133e-01
6 9 -1.802028171661710e-01
6 10 8.183569123555984e-02
7 8 -2.144638887511208e-01
7 9 1.746454756638720e-01
7 10 -7.931193000682540e-02
8 9 -4.071675578599228e-01
8 10 1.777396542339760e-01
9 10 -2.182635266524888e-01
