1 2 -1.637735670358245e-01
1 3 1.547194500251921e-01
1 4 -4.879353596886252e-02
1 5 4.546978291396754e-02
1 6 -8.574266755250048e-02
1 7 8.309846790080018e-02
1 8 -1.862244784537552e-01
1 9 1.855385913945608e-01
1 10 -4.250355075154103e-01
2 3 -4.723578194733650e-01
2 4 2.264787292900999e-02
2 5 -2.110512888844762e-02
2 6 3.023323030156185e-02
2 7 -2.930087422593200e-02
2 8 6.180636127255209e-02
2 9 -6.157872104115877e-02
2 10 1.392191623658691e-01
3 4 -2.397321690832283e-02
3 5 2.232309560784949e-02
3 6 -3.197797531178830e-02
3 7 3.099181342068563e-02
3 8 -6.537317630846873e-02
3 9 6.513239907007853e-02
3 10 -1.472534324860751e-01
4 5 -4.655840660258723e-01
4 6 1.686850222770096e-01
4 7 -1.634829812175814e-01
4 8 8.034211158111851e-02
4 9 -8.004620196114458e-02
4 10 4.643899427906750e-02
5 6 -1.811542045638073e-01
5 7 1.532590028131349e-01
5 8 -7.531763742695324e-02
5 9 7.480434995764000e-02
5 10 -4.339792138318557e-02
6 7 -4.230070264782406e-01
6 8 1.814394376857912e-01
6 9 -1.802029332894494e-01
6 10 8.183574468918256e-02
7 8 -2.144638579604357e-01
7 9 1.746456938538092e-01
7 10 -7.931202978992903e-02
8 9 -4.071681250041401e-01
8 10 1.777390336530133e-01
9 10 -2.182624605636672e-01
