1 2 -1.906043062688797e-01
1 3 1.547250802419683e-01
1 4 -5.094055552354181e-02
1 5 4.546783601470594e-02
1 6 -9.212149362172126e-02
1 7 8.309805748722493e-02
1 8 -2.202192093279065e-01
1 9 1.855383353237701e-01
1 10 -6.056857640664052e-01
2 3 -6.954753092183613e-01
2 4 2.264403964071019e-02
2 5 -2.115087065496871e-02
2 6 3.023303537304046e-02
2 7 -2.930636393720519e-02
2 8 6.180839187868931e-02
2 9 -6.158191376421256e-02
2 10 1.392240262322584e-01
3 4 -2.454380075240859e-02
3 5 2.231944464348871e-02
3 6 -3.273716653094112e-02
3 7 3.099176106775661e-02
3 8 -6.942159209265841e-02
3 9 6.513481071267382e-02
3 10 -1.687599349227334e-01
4 5 -6.823533927609340e-01
4 6 1.686845283097188e-01
4 7 -1.885254951591258e-01
4 8 8.034081001774507e-02
4 9 -8.550915637309062e-02
4 10 4.643717153898378e-02
5 6 -2.139701069835184e-01
5 7 1.532584228200833e-01
5 8 -7.549553510402163e-02
5 9 7.480305750918140e-02
5 10 -4.358227423370444e-02
6 7 -6.019420008875997e-01
6 8 1.814394706963133e-01
6 9 -2.113128404885033e-01
6 10 8.183569123555984e-02
7 8 -2.604586483293739e-01
7 9 1.746454756638720e-01
7 10 -7.933342432485663e-02
8 9 -5.729529780335364e-01
8 10 1.777396542339761e-01
9 10 -2.659024937192706e-01
