1 2 -1.905953482948217e-01
1 3 1.547194500252314e-01
1 4 -5.094274018804226e-02
1 5 4.546978291396754e-02
1 6 -9.212181171466885e-02
1 7 8.309846790080022e-02
1 8 -2.202191661631125e-01
1 9 1.855385913945608e-01
1 10 -6.056906901641925e-01
2 3 -6.954797290909520e-01
2 4 2.264787292901013e-02
2 5 -2.115449090016866e-02
2 6 3.023323030156198e-02
2 7 -2.930657698260760e-02
2 8 6.180636127255276e-02
2 9 -6.157996539296368e-02
2 10 1.392191623658726e-01
3 4 -2.454793203699093e-02
3 5 2.232309560784985e-02
3 6 -3.273712009211092e-02
3 7 3.099181342068567e-02
3 8 -6.941868603159183e-02
3 9 6.513239907007851e-02
3 10 -1.687521532328775e-01
4 5 -6.823525885630531e-01
4 6 1.686850222770096e-01
4 7 -1.885260881708434e-01
4 8 8.034211158111856e-02
4 9 -8.551065312227349e-02
4 10 4.643899427906748e-02
5 6 -2.139710503949451e-01
5 7 1.532590028131349e-01
5 8 -7.549681160342789e-02
5 9 7.480434995764002e-02
5 10 -4.358401682598279e-02
6 7 -6.019419709282036e-01
6 8 1.814394376857912e-01
6 9 -2.113128540657703e-01
6 10 8.183574468918256e-02
7 8 -2.604586043317096e-01
7 9 1.746456938538093e-01
7 10 -7.933352925868464e-02
8 9 -5.729540070235225e-01
8 10 1.777390336530132e-01
9 10 -2.659009622549577e-01
